3 0.42829457364341084 0.31492248062015504 0.03875968992248062 0.19573643410852712
0 0.4893410852713178 0.31492248062015504 0.03682170542635659 0.18410852713178294
1 0.5271317829457365 0.31492248062015504 0.03875968992248062 0.18410852713178294
0 0.5813953488372093 0.3246124031007752 0.03488372093023256 0.18023255813953487
2 0.6191860465116279 0.3313953488372093 0.03682170542635659 0.1821705426356589
3 0.6560077519379846 0.32945736434108525 0.03294573643410853 0.18992248062015504
12 0.7083333333333334 0.31976744186046513 0.0562015503875969 0.18992248062015504
7 0.17635658914728683 0.5532945736434108 0.1744186046511628 0.4127906976744186
0 0.3866279069767442 0.5920542635658915 0.14922480620155038 0.3701550387596899
7 0.5939922480620154 0.5968992248062015 0.1686046511627907 0.3798449612403101
3 0.8003875968992248 0.5998062015503876 0.15503875968992248 0.3546511627906977