3 0.437015503875969 0.3439922480620155 0.040697674418604654 0.19573643410852712
0 0.4941860465116279 0.33624031007751937 0.03488372093023256 0.16472868217054262
1 0.5319767441860465 0.33624031007751937 0.040697674418604654 0.16472868217054262
0 0.5881782945736435 0.3536821705426357 0.040697674418604654 0.16472868217054262
2 0.625968992248062 0.35658914728682173 0.03875968992248062 0.17054263565891473
3 0.6618217054263565 0.3643410852713178 0.03682170542635659 0.18992248062015504
12 0.7131782945736435 0.3643410852713178 0.050387596899224806 0.18992248062015504
7 0.18023255813953487 0.5416666666666666 0.17054263565891473 0.40891472868217055
0 0.39341085271317827 0.5813953488372093 0.1511627906976744 0.36046511627906974
7 0.5998062015503876 0.624031007751938 0.1686046511627907 0.375968992248062
3 0.8042635658914729 0.6308139534883721 0.15503875968992248 0.37790697674418605