3 0.561046511627907 0.36046511627906974 0.060077519379844964 0.1511627906976744
0 0.6501937984496124 0.3168604651162791 0.044573643410852716 0.1298449612403101
1 0.7063953488372093 0.29554263565891475 0.04844961240310078 0.1298449612403101
0 0.13662790697674418 0.7248062015503876 0.09883720930232558 0.22868217054263565
2 0.23255813953488372 0.6957364341085271 0.08914728682170543 0.2596899224806202
4 0.34011627906976744 0.6472868217054264 0.09883720930232558 0.22093023255813954
12 0.46124031007751937 0.6075581395348837 0.10852713178294573 0.23837209302325582
9 0.5910852713178295 0.5542635658914729 0.10077519379844961 0.22093023255813954
4 0.6967054263565892 0.5193798449612403 0.0872093023255814 0.2441860465116279
1 0.7858527131782945 0.4786821705426357 0.06782945736434108 0.22093023255813954
9 0.876937984496124 0.4418604651162791 0.0872093023255814 0.2441860465116279