3 0.45058139534883723 0.35174418604651164 0.06782945736434108 0.19573643410852712
0 0.5106589147286822 0.3449612403100775 0.040697674418604654 0.17829457364341086
1 0.5484496124031008 0.34689922480620156 0.050387596899224806 0.18604651162790697
0 0.6046511627906976 0.3643410852713178 0.050387596899224806 0.18604651162790697
2 0.6405038759689923 0.3643410852713178 0.04844961240310078 0.18604651162790697
3 0.6753875968992248 0.37306201550387597 0.06395348837209303 0.20348837209302326
12 0.7306201550387597 0.37112403100775193 0.07364341085271318 0.21511627906976744
7 0.19670542635658914 0.5717054263565892 0.20736434108527133 0.4263565891472868
0 0.40794573643410853 0.6056201550387597 0.18410852713178294 0.37790697674418605
7 0.6153100775193798 0.623062015503876 0.187984496124031 0.38953488372093026
3 0.8217054263565892 0.6531007751937985 0.20155038759689922 0.3875968992248062