3 0.45058139534883723 0.35174418604651164 0.044573643410852716 0.19573643410852712
0 0.5106589147286822 0.3449612403100775 0.03682170542635659 0.17829457364341086
1 0.5484496124031008 0.34689922480620156 0.04263565891472868 0.18604651162790697
0 0.6046511627906976 0.3643410852713178 0.03488372093023256 0.18604651162790697
2 0.6405038759689923 0.3643410852713178 0.03682170542635659 0.18604651162790697
3 0.6763565891472868 0.374031007751938 0.03875968992248062 0.20155038759689922
12 0.7306201550387597 0.37112403100775193 0.05426356589147287 0.21124031007751937
7 0.19670542635658914 0.5717054263565892 0.16472868217054262 0.41472868217054265
0 0.4069767441860465 0.6056201550387597 0.1511627906976744 0.36627906976744184
7 0.6153100775193798 0.624031007751938 0.16472868217054262 0.3798449612403101
3 0.8217054263565892 0.6531007751937985 0.15891472868217055 0.37209302325581395