3 0.45058139534883723 0.35174418604651164 0.0562015503875969 0.19573643410852712
0 0.5106589147286822 0.3449612403100775 0.03682170542635659 0.17829457364341086
1 0.5484496124031008 0.34689922480620156 0.05813953488372093 0.18604651162790697
0 0.6046511627906976 0.3643410852713178 0.050387596899224806 0.18604651162790697
2 0.6405038759689923 0.3643410852713178 0.05232558139534884 0.18604651162790697
3 0.6753875968992248 0.37306201550387597 0.060077519379844964 0.20348837209302326
12 0.7306201550387597 0.3701550387596899 0.06201550387596899 0.2131782945736434
7 0.19670542635658914 0.5717054263565892 0.20736434108527133 0.4263565891472868
0 0.40794573643410853 0.6056201550387597 0.17248062015503876 0.374031007751938
7 0.6153100775193798 0.624031007751938 0.187984496124031 0.3875968992248062
3 0.8217054263565892 0.6531007751937985 0.17829457364341086 0.3798449612403101