3 0.5300387596899225 0.34011627906976744 0.040697674418604654 0.13372093023255813
0 0.5881782945736435 0.34593023255813954 0.05232558139534884 0.14534883720930233
1 0.625 0.3594961240310077 0.040697674418604654 0.1569767441860465
0 0.1618217054263566 0.5455426356589147 0.08333333333333333 0.2926356589147287
2 0.2441860465116279 0.5532945736434108 0.09302325581395349 0.2926356589147287
3 0.3313953488372093 0.5591085271317829 0.10465116279069768 0.3003875968992248
12 0.46027131782945735 0.5755813953488372 0.1298449612403101 0.3178294573643411
5 0.5804263565891473 0.5813953488372093 0.10271317829457365 0.29069767441860467
0 0.6618217054263565 0.6114341085271318 0.08333333333333333 0.2810077519379845
2 0.7461240310077519 0.6143410852713178 0.10077519379844961 0.29069767441860467
8 0.8313953488372093 0.627906976744186 0.12015503875968993 0.29457364341085274