3 0.5300387596899225 0.34108527131782945 0.03682170542635659 0.13178294573643412
0 0.5881782945736435 0.34593023255813954 0.03682170542635659 0.14534883720930233
1 0.625 0.3594961240310077 0.040697674418604654 0.1569767441860465
0 0.1618217054263566 0.5455426356589147 0.08333333333333333 0.2926356589147287
2 0.2441860465116279 0.5532945736434108 0.08914728682170543 0.2926356589147287
3 0.3313953488372093 0.5591085271317829 0.08527131782945736 0.29651162790697677
12 0.46027131782945735 0.5755813953488372 0.1182170542635659 0.313953488372093
5 0.5804263565891473 0.5823643410852714 0.08333333333333333 0.28875968992248063
0 0.6618217054263565 0.6114341085271318 0.07945736434108527 0.2810077519379845
2 0.7461240310077519 0.6143410852713178 0.08527131782945736 0.2868217054263566
8 0.8313953488372093 0.626937984496124 0.08914728682170543 0.28875968992248063