3 0.5300387596899225 0.34011627906976744 0.05232558139534884 0.13372093023255813
0 0.5881782945736435 0.34593023255813954 0.044573643410852716 0.14534883720930233
1 0.625 0.3594961240310077 0.0562015503875969 0.1569767441860465
0 0.1618217054263566 0.5455426356589147 0.1182170542635659 0.29651162790697677
2 0.2441860465116279 0.5532945736434108 0.12403100775193798 0.3003875968992248
3 0.3313953488372093 0.5591085271317829 0.09689922480620156 0.29651162790697677
12 0.46027131782945735 0.5755813953488372 0.12209302325581395 0.3178294573643411
5 0.5804263565891473 0.5823643410852714 0.11434108527131782 0.2926356589147287
0 0.6627906976744186 0.6114341085271318 0.09302325581395349 0.28488372093023256
2 0.7461240310077519 0.6143410852713178 0.10852713178294573 0.29069767441860467
8 0.8304263565891473 0.626937984496124 0.11046511627906977 0.2926356589147287