3 0.563953488372093 0.36046511627906974 0.09689922480620156 0.2248062015503876
0 0.6753875968992248 0.3507751937984496 0.07170542635658915 0.22093023255813954
1 0.7412790697674418 0.3546511627906977 0.09496124031007752 0.2131782945736434
0 0.12112403100775193 0.6705426356589147 0.09883720930232558 0.3798449612403101
2 0.2248062015503876 0.6753875968992248 0.13178294573643412 0.39341085271317827
4 0.3313953488372093 0.685077519379845 0.13565891472868216 0.39341085271317827
12 0.44476744186046513 0.685077519379845 0.14534883720930233 0.39341085271317827
3 0.5784883720930233 0.6802325581395349 0.1182170542635659 0.38372093023255816
6 0.687984496124031 0.689922480620155 0.10077519379844961 0.3992248062015504
5 0.7965116279069767 0.6715116279069767 0.13178294573643412 0.3856589147286822
3 0.8905038759689923 0.6705426356589147 0.09883720930232558 0.3798449612403101