10 0.30426356589147285 0.36143410852713176 0.08139534883720931 0.23062015503875968
0 0.6501937984496124 0.36627906976744184 0.044573643410852716 0.19767441860465115
1 0.6986434108527132 0.37112403100775193 0.060077519379844964 0.21124031007751937
0 0.16569767441860464 0.6346899224806202 0.09883720930232558 0.3391472868217054
2 0.2548449612403101 0.6395348837209303 0.09108527131782945 0.3449612403100775
5 0.3439922480620155 0.6589147286821705 0.09108527131782945 0.3643410852713178
12 0.44476744186046513 0.6492248062015504 0.1298449612403101 0.35271317829457366
5 0.5542635658914729 0.6492248062015504 0.12015503875968993 0.32945736434108525
3 0.6501937984496124 0.6589147286821705 0.0872093023255814 0.3449612403100775
0 0.7354651162790697 0.6540697674418605 0.11046511627906977 0.3391472868217054
9 0.8217054263565892 0.6443798449612403 0.12790697674418605 0.3430232558139535