10 0.30426356589147285 0.3624031007751938 0.06589147286821706 0.22868217054263565
0 0.6501937984496124 0.36724806201550386 0.044573643410852716 0.1996124031007752
1 0.6996124031007752 0.37209302325581395 0.050387596899224806 0.20930232558139536
0 0.16666666666666666 0.6346899224806202 0.08139534883720931 0.33527131782945735
2 0.2558139534883721 0.6395348837209303 0.08139534883720931 0.3449612403100775
5 0.3439922480620155 0.6589147286821705 0.0872093023255814 0.3643410852713178
12 0.44573643410852715 0.6492248062015504 0.10077519379844961 0.3449612403100775
5 0.5542635658914729 0.6492248062015504 0.08914728682170543 0.32558139534883723
3 0.6492248062015504 0.6589147286821705 0.08139534883720931 0.3449612403100775
0 0.7354651162790697 0.6540697674418605 0.0755813953488372 0.33527131782945735
9 0.8217054263565892 0.6443798449612403 0.10077519379844961 0.33527131782945735