3 0.5261627906976745 0.32945736434108525 0.040697674418604654 0.13178294573643412
0 0.5988372093023255 0.3246124031007752 0.04263565891472868 0.1298449612403101
1 0.6288759689922481 0.32558139534883723 0.029069767441860465 0.12015503875968993
0 0.19573643410852712 0.5503875968992248 0.06589147286821706 0.3488372093023256
2 0.2616279069767442 0.5552325581395349 0.10465116279069768 0.3546511627906977
3 0.32945736434108525 0.5717054263565892 0.08914728682170543 0.3875968992248062
12 0.4312015503875969 0.5668604651162791 0.1298449612403101 0.37790697674418605
0 0.5465116279069767 0.5794573643410853 0.10465116279069768 0.35658914728682173
8 0.6337209302325582 0.5765503875968992 0.09302325581395349 0.36627906976744184
7 0.7209302325581395 0.5746124031007752 0.13178294573643412 0.374031007751938
5 0.8062015503875969 0.5891472868217055 0.12403100775193798 0.39147286821705424