3 0.5261627906976745 0.32945736434108525 0.04844961240310078 0.13178294573643412
0 0.5998062015503876 0.3246124031007752 0.03682170542635659 0.1298449612403101
1 0.6288759689922481 0.3246124031007752 0.03682170542635659 0.12209302325581395
0 0.19573643410852712 0.5503875968992248 0.10465116279069768 0.35271317829457366
2 0.2625968992248062 0.5552325581395349 0.11046511627906977 0.3546511627906977
3 0.32945736434108525 0.5717054263565892 0.08914728682170543 0.3875968992248062
12 0.4312015503875969 0.5668604651162791 0.13372093023255813 0.3817829457364341
0 0.5465116279069767 0.5794573643410853 0.11627906976744186 0.35658914728682173
8 0.6346899224806202 0.5765503875968992 0.12596899224806202 0.3701550387596899
7 0.7199612403100775 0.5755813953488372 0.10271317829457365 0.37209302325581395
5 0.8062015503875969 0.5891472868217055 0.08527131782945736 0.3875968992248062