3 0.5271317829457365 0.33042635658914726 0.03875968992248062 0.1298449612403101
0 0.5998062015503876 0.3246124031007752 0.029069767441860465 0.1298449612403101
1 0.6288759689922481 0.32558139534883723 0.025193798449612403 0.12015503875968993
0 0.19573643410852712 0.5513565891472868 0.06589147286821706 0.3507751937984496
2 0.2625968992248062 0.5552325581395349 0.07170542635658915 0.3507751937984496
3 0.33042635658914726 0.5717054263565892 0.07170542635658915 0.38372093023255816
12 0.4312015503875969 0.5668604651162791 0.10271317829457365 0.374031007751938
0 0.5465116279069767 0.5804263565891473 0.08527131782945736 0.3507751937984496
8 0.6337209302325582 0.5765503875968992 0.08914728682170543 0.36627906976744184
7 0.7209302325581395 0.5746124031007752 0.08914728682170543 0.3701550387596899
5 0.8062015503875969 0.5901162790697675 0.08527131782945736 0.38953488372093026