26 0.36414749999999996 0.31146666666666667 0.290115 0.13202000000000003
1 0.5705175 0.3351 0.08285500000000001 0.09928999999999996
0 0.6696725 0.34002333333333334 0.07366000000000009 0.09913666666666669
2 0.74541 0.33618 0.07236249999999995 0.09187999999999996
0 0.2460125 0.42735 0.16634249999999998 0.13045666666666664
0 0.40801 0.43083333333333335 0.14784000000000003 0.1307599999999999
2 0.568985 0.44204333333333334 0.16228999999999996 0.13984333333333324
12 0.751655 0.4398766666666667 0.2248699999999999 0.13449000000000008
4 0.13629249999999998 0.5639866666666666 0.22940249999999998 0.15039666666666668
4 0.397785 0.5678466666666666 0.23738749999999992 0.1547866666666667
3 0.6487075 0.5874633333333333 0.21923500000000012 0.16401999999999997
9 0.886735 0.5864033333333334 0.2177850000000001 0.16856333333333334