2 0.42151162790697677 0.33042635658914726 0.05232558139534884 0.13372093023255813
0 0.500968992248062 0.31589147286821706 0.06782945736434108 0.14728682170542637
3 0.5552325581395349 0.3168604651162791 0.04844961240310078 0.16085271317829458
0 0.624031007751938 0.311046511627907 0.06201550387596899 0.15310077519379844
0 0.6753875968992248 0.29651162790697677 0.05232558139534884 0.1434108527131783
1 0.7296511627906976 0.2916666666666667 0.06782945736434108 0.17248062015503876
12 0.8062015503875969 0.28294573643410853 0.07751937984496124 0.1744186046511628
2 0.2810077519379845 0.6463178294573644 0.15503875968992248 0.25387596899224807
6 0.4486434108527132 0.6317829457364341 0.16472868217054262 0.2751937984496124
2 0.6191860465116279 0.5988372093023255 0.14922480620155038 0.2364341085271318
8 0.7839147286821705 0.5862403100775194 0.16472868217054262 0.23449612403100775