2 0.42248062015503873 0.3313953488372093 0.050387596899224806 0.13178294573643412
0 0.501937984496124 0.3168604651162791 0.050387596899224806 0.14147286821705427
3 0.5552325581395349 0.3168604651162791 0.040697674418604654 0.16085271317829458
0 0.624031007751938 0.312015503875969 0.050387596899224806 0.1511627906976744
0 0.6753875968992248 0.29748062015503873 0.04844961240310078 0.14147286821705427
1 0.7306201550387597 0.2926356589147287 0.050387596899224806 0.17054263565891473
12 0.8062015503875969 0.28294573643410853 0.06201550387596899 0.17054263565891473
2 0.2810077519379845 0.6463178294573644 0.15503875968992248 0.25387596899224807
6 0.4486434108527132 0.6317829457364341 0.14534883720930233 0.26356589147286824
2 0.6191860465116279 0.5988372093023255 0.14534883720930233 0.2364341085271318
8 0.7839147286821705 0.5862403100775194 0.14922480620155038 0.22674418604651161