3 0.5087209302325582 0.2810077519379845 0.06782945736434108 0.16666666666666666
0 0.5930232558139535 0.25 0.06201550387596899 0.1434108527131783
3 0.6317829457364341 0.22093023255813954 0.06589147286821706 0.16666666666666666
0 0.14050387596899225 0.7286821705426356 0.14922480620155038 0.29069767441860467
0 0.24031007751937986 0.6937984496124031 0.10852713178294573 0.2868217054263566
1 0.34011627906976744 0.6531007751937985 0.13372093023255813 0.2713178294573643
12 0.4641472868217054 0.5988372093023255 0.16472868217054262 0.29069767441860467
0 0.6133720930232558 0.5465116279069767 0.1182170542635659 0.2713178294573643
1 0.7015503875968992 0.500968992248062 0.11627906976744186 0.2810077519379845
6 0.7810077519379846 0.4796511627906977 0.09302325581395349 0.23449612403100775
5 0.8624031007751938 0.436046511627907 0.09302325581395349 0.26744186046511625