3 0.5087209302325582 0.2810077519379845 0.0755813953488372 0.16666666666666666
0 0.5930232558139535 0.25 0.06976744186046512 0.1434108527131783
3 0.6317829457364341 0.22093023255813954 0.05813953488372093 0.16666666666666666
0 0.14147286821705427 0.7286821705426356 0.13178294573643412 0.2868217054263566
0 0.24031007751937986 0.6937984496124031 0.13178294573643412 0.29457364341085274
1 0.34011627906976744 0.6531007751937985 0.15310077519379844 0.27906976744186046
12 0.4641472868217054 0.5988372093023255 0.16085271317829458 0.2868217054263566
0 0.6133720930232558 0.5465116279069767 0.10271317829457365 0.26744186046511625
1 0.7015503875968992 0.500968992248062 0.12015503875968993 0.2810077519379845
6 0.7810077519379846 0.4796511627906977 0.10465116279069768 0.23837209302325582
5 0.8614341085271318 0.436046511627907 0.11434108527131782 0.2713178294573643