26 0.36619499999999994 0.27132 0.3042074999999999 0.15173000000000003
1 0.55688 0.27329 0.07557999999999993 0.13567333333333334
0 0.648875 0.27867 0.07706750000000011 0.12976333333333331
2 0.72791 0.26966 0.077365 0.10174333333333334
0 0.2327175 0.40856333333333333 0.21475249999999999 0.17287999999999995
0 0.39925 0.4128833333333334 0.15468000000000007 0.1448533333333333
2 0.565065 0.4089433333333333 0.17195000000000005 0.15030999999999997
12 0.7535425 0.4078833333333334 0.19140499999999996 0.15485333333333332
5 0.13265749999999998 0.5957899999999999 0.26213 0.22733666666666674
6 0.38966 0.5907933333333334 0.23363749999999994 0.2106733333333334
2 0.6286499999999999 0.58746 0.22662000000000013 0.21734000000000006
5 0.8567899999999999 0.5822333333333334 0.23039750000000003 0.20355999999999994