26 0.36829500000000004 0.41386999999999996 0.29090999999999995 0.12349666666666674
3 0.5719375 0.42273333333333335 0.07819499999999993 0.09122666666666661
0 0.6789325 0.42925 0.06968499999999994 0.07092333333333332
1 0.7494500000000001 0.4306133333333333 0.08321749999999997 0.0803166666666666
0 0.117765 0.5283133333333333 0.1173475 0.12238666666666662
2 0.2340775 0.5187733333333333 0.11747500000000002 0.10996999999999996
2 0.3344825 0.5254366666666667 0.10578250000000003 0.12329666666666662
12 0.456365 0.5206633333333334 0.14204999999999995 0.13041666666666665
4 0.5787 0.51635 0.09922000000000003 0.10512333333333329
2 0.6895025 0.5303599999999999 0.09582249999999999 0.12314333333333329
1 0.7729175 0.5301333333333333 0.09265249999999992 0.12602
6 0.8727525 0.5422466666666667 0.09482249999999999 0.15025333333333327