0 0.14147286821705427 0.5862403100775194 0.10852713178294573 0.2693798449612403
2 0.2315891472868217 0.5794573643410853 0.10271317829457365 0.26744186046511625
3 0.3187984496124031 0.5658914728682171 0.0872093023255814 0.2713178294573643
12 0.42054263565891475 0.5494186046511628 0.11627906976744186 0.2926356589147287
4 0.5397286821705426 0.5203488372093024 0.09883720930232558 0.25
5 0.6366279069767442 0.5116279069767442 0.12209302325581395 0.2713178294573643
9 0.7354651162790697 0.5048449612403101 0.10271317829457365 0.2655038759689923
0 0.8236434108527132 0.4903100775193798 0.10077519379844961 0.28294573643410853
3 0.5155038759689923 0.28972868217054265 0.06201550387596899 0.13372093023255813
0 0.5901162790697675 0.28488372093023256 0.060077519379844964 0.12790697674418605
1 0.6385658914728682 0.27325581395348836 0.060077519379844964 0.13565891472868216