26 0.26329250000000004 0.40552999999999995 0.3809024999999999 0.1934833333333334
1 0.5185825 0.43394 0.09398499999999996 0.12696999999999994
0 0.66507 0.4320466666666667 0.09195749999999998 0.1331833333333334
2 0.771895 0.43590666666666666 0.10560750000000008 0.13757333333333327
0 0.07890000000000001 0.60473 0.1296175 0.18521999999999994
0 0.18742250000000002 0.60034 0.09833749999999998 0.16977000000000006
2 0.297605 0.6030633333333334 0.09952750000000003 0.1885533333333333
12 0.4330675 0.5895066666666666 0.15045500000000003 0.19143666666666673
4 0.5955775 0.5876866666666667 0.12547250000000007 0.21446333333333337
9 0.7225725 0.57678 0.11696499999999992 0.19265333333333334
7 0.8618425 0.57307 0.1130050000000001 0.19523000000000001
2 0.96017 0.56178 0.07966000000000008 0.24931666666666677