0 0.6464725 0.8213966666666667 0.2602850000000001 0.27710000000000007
12 0.8389650000000001 0.5656633333333333 0.2741875 0.19994000000000006
6 0.8873925 0.80497 0.2181875 0.26101666666666673
5 0.36708999999999997 0.8286133333333334 0.28674750000000004 0.3068266666666666
1 0.6119025 0.4026933333333333 0.1205775000000001 0.15093666666666664
0 0.14848750000000002 0.57058 0.2224275 0.19801000000000007
5 0.1144875 0.8270466666666666 0.2260625 0.3175566666666667
2 0.8923150000000001 0.40882 0.11405500000000006 0.13635333333333333
26 0.31438 0.37932333333333335 0.500575 0.18773999999999996
0 0.776725 0.39864000000000005 0.11776749999999993 0.1563733333333333
0 0.379545 0.5708733333333333 0.22840750000000004 0.18750666666666665
2 0.6011475000000001 0.5786 0.20161500000000002 0.19628999999999996
12 0.846165 0.5676933333333333 0.2916500000000001 0.20114