0 0.10852713178294573 0.3798449612403101 0.1124031007751938 0.16666666666666666
0 0.22093023255813954 0.3963178294573643 0.13178294573643412 0.1996124031007752
2 0.34689922480620156 0.46511627906976744 0.12403100775193798 0.1744186046511628
25 0.49224806201550386 0.500968992248062 0.1434108527131783 0.187984496124031
4 0.6201550387596899 0.5697674418604651 0.10852713178294573 0.15891472868217055
1 0.7180232558139535 0.6162790697674418 0.0872093023255814 0.17054263565891473
2 0.8217054263565892 0.6802325581395349 0.09302325581395349 0.15891472868217055
5 0.9166666666666666 0.7354651162790697 0.10852713178294573 0.17635658914728683
3 0.5717054263565892 0.4050387596899225 0.046511627906976744 0.08914728682170543
0 0.6560077519379846 0.44573643410852715 0.05232558139534884 0.09302325581395349
2 0.7141472868217055 0.4757751937984496 0.05232558139534884 0.09108527131782945