9 0.5885125 0.6272433333333334 0.209045 0.1802266666666667
2 0.7963325 0.6266933333333333 0.19680500000000006 0.17206333333333343
5 0.36653250000000004 0.63181 0.21627499999999997 0.20226333333333324
12 0.7170175000000001 0.47223333333333334 0.1997774999999999 0.13230333333333327
3 0.148435 0.62718 0.23623000000000002 0.20771666666666663
26 0.33142 0.3377466666666667 0.284655 0.15458000000000005
1 0.5381875 0.3622166666666667 0.08569250000000005 0.09352333333333335
0 0.6414875 0.36464 0.07729500000000007 0.09837000000000004
2 0.71905 0.3666833333333333 0.07491750000000001 0.0991266666666667
0 0.20868 0.4628733333333333 0.17917999999999998 0.12483666666666673
0 0.36897250000000004 0.4606 0.14226499999999997 0.12696000000000005
2 0.528245 0.4712033333333333 0.15830750000000007 0.13483333333333333
12 0.7154175 0.46969 0.2076524999999999 0.11847333333333336