20 0.4839500000000001 0.5040384615384615 0.9656999999999999 0.8671153846153847
0 0.2242 0.4983653846153846 0.11844999999999999 0.16942307692307695
1 0.3503 0.4748076923076923 0.13174999999999998 0.19278846153846152
3 0.47325 0.4641346153846154 0.12414999999999993 0.2140384615384616
25 0.65815 0.42 0.15865 0.18788461538461546
0 0.6605500000000001 0.21826923076923077 0.06115000000000002 0.1860576923076923
2 0.7214 0.2353846153846154 0.0725 0.17250000000000004
4 0.17420000000000002 0.7395192307692308 0.19485 0.3161538461538461
2 0.37310000000000004 0.7129807692307693 0.20775000000000002 0.2892307692307691
8 0.5693 0.6654807692307692 0.21924999999999997 0.30240384615384613
1 0.77545 0.6520192307692307 0.21120000000000005 0.28846153846153844